DETAILED NEIGHBOR COUNT STATISTICS
================================================================================

PER-PROTEIN STATISTICS:
--------------------------------------------------------------------------------
Protein                Surf NC6  Surf NC10    Bur NC6   Bur NC10    Sep NC6   Sep NC10
--------------------------------------------------------------------------------
kith                       3.00      10.47       5.29      19.12       2.29       8.65
kit                        3.40      11.35       5.64      19.34       2.24       7.99
src                        3.56      10.81       5.77      19.33       2.21       8.52
vgfr2                      3.28      10.50       5.42      18.47       2.14       7.97
mmp13                      3.36      12.51       5.50      18.71       2.14       6.20
ppard                      3.63      10.66       5.73      17.28       2.10       6.63
reni                       3.32      11.42       5.41      19.14       2.09       7.72
mk01                       3.40      10.95       5.49      18.79       2.09       7.84
plk1                       3.64      10.95       5.64      18.53       2.01       7.58
tryb1                      3.54      12.65       5.47      21.27       1.93       8.63
tgfr1                      3.65      11.72       5.58      19.52       1.93       7.80
sahh                       4.25      12.01       6.16      21.87       1.91       9.86
mapk2                      3.83      10.98       5.74      18.73       1.91       7.75
pa2ga                      3.62      10.68       5.52      17.76       1.91       7.08
jak2                       3.66      11.51       5.52      18.96       1.87       7.45
try1                       3.95      13.28       5.81      22.41       1.86       9.13
wee1                       3.83      11.42       5.69      19.07       1.86       7.66
lkha4                      3.96      12.24       5.81      20.28       1.86       8.03
mk14                       3.63      11.31       5.49      18.71       1.85       7.40
pyrd                       4.02      12.61       5.79      20.96       1.78       8.35
pgh1                       3.99      12.05       5.77      19.24       1.78       7.19
prgr                       4.04      10.72       5.81      17.39       1.76       6.67
kif11                      3.83      11.72       5.58      18.90       1.75       7.17
pde5a                      4.69      12.25       6.44      19.80       1.75       7.54
xiap                       3.82      11.62       5.57      17.96       1.75       6.34
rock1                      3.58      10.81       5.32      18.37       1.74       7.56
nram                       3.71      13.32       5.45      21.91       1.74       8.59
pparg                      4.11      11.18       5.84      17.58       1.73       6.39
kpcb                       3.62      10.73       5.33      17.87       1.72       7.14
met                        3.93      10.84       5.63      19.39       1.71       8.55
rxra                       4.24      11.56       5.94      18.16       1.70       6.60
urok                       3.88      12.48       5.58      20.71       1.70       8.22
thrb                       3.72      11.94       5.42      20.65       1.70       8.70
nos1                       3.82      11.80       5.51      19.52       1.69       7.72
pur2                       4.00      12.83       5.65      20.21       1.65       7.38
mk10                       3.74      10.86       5.38      18.06       1.64       7.20
lck                        4.03      11.37       5.67      19.45       1.64       8.08
ptn1                       4.02      11.20       5.55      19.74       1.53       8.53
thb                        4.62      12.07       6.15      18.47       1.53       6.39
ppara                      4.22      11.35       5.73      17.63       1.52       6.28
pgh2                       4.35      13.33       5.86      20.10       1.51       6.77
parp1                      4.22      12.16       5.71      18.95       1.49       6.79
pygm                       3.80      11.28       5.27      18.84       1.47       7.55
ital                       4.23      12.00       5.69      19.16       1.46       7.16
tysy                       3.90      12.09       5.29      18.65       1.39       6.56
inha                       4.54      14.04       5.87      20.40       1.33       6.36
pnph                       4.11      11.89       5.42      19.49       1.32       7.60
mp2k1                      4.41      11.59       5.70      18.92       1.30       7.33
mcr                        4.71      12.02       5.84      17.79       1.12       5.77

================================================================================

OVERALL STATISTICS:

Surface NC6:  mean=3.87, std=1.51
Surface NC10: mean=11.71, std=3.55
Buried NC6:   mean=5.64, std=1.63
Buried NC10:  mean=19.32, std=4.90
